Band_center_Hz	Mean_diff_dB
1.59	-27.6506
2.52	-26.2381
3.17	-19.7016
5.04	-9.2956
6.35	-4.8954
8.00	-1.5382
10.08	-1.7288
12.70	-4.7317
16.00	-9.9688
20.16	-10.2200
25.40	-7.9665
32.00	-5.6194
40.32	-4.0412
50.80	-2.4225
64.00	-1.7242
80.63	-1.2137
101.59	-0.6542
128.00	-0.3870
161.27	-0.5200
203.19	-0.3074
256.00	-0.2262
322.54	-0.1656
406.37	-0.3944
512.00	-0.3327
645.08	-0.1185
812.75	0.0793
1024.00	-0.0540
1290.16	-0.1032
1625.50	0.2577
2048.00	0.2608
2580.32	0.4228
3251.00	0.7597
4096.00	0.8877
5160.64	1.6855
6501.99	3.3310
8192.00	4.8637
10321.27	5.9242
13003.99	10.0897
16384.00	18.0743
20642.55	28.2139
